[metadata]
addr = 0x400664
size = 0x89
last_change = 2022-12-20T22:23:16.198978Z

[header]
last_change = 2022-12-20T22:22:36.187292Z
name = "authenicate_user"
addr = 0x400664
