[metadata]
addr = 0x40071d
size = 0xb8
last_change = 2022-12-20T22:00:07.132060Z

[header]
last_change = 2022-12-20T22:00:07.132060Z
name = "int"
addr = 0x40071d
