[metadata]
addr = 0x40071d
size = 0xb8
last_change = 2022-12-20T21:59:54.843474Z

[header]
last_change = 2022-12-20T21:59:54.843474Z
name = "mahaloz_main"
addr = 0x40071d
