[metadata]
addr = 0x40071d
size = 0xb8
last_change = 2022-12-20T22:16:00.160067Z

[header]
last_change = 2022-12-20T22:16:00.160067Z
name = "frq_main"
addr = 0x40071d
